image: map6_bad_turn.pgm
resolution: 0.010000
origin: [-1.000000, -28.840000, 0.000000]
negate: 0
occupied_thresh: 0.65
free_thresh: 0.196

