image: map_9.pgm
resolution: 0.010000
origin: [-1.000000, -45.160000, 0.000000]
negate: 0
occupied_thresh: 0.65
free_thresh: 0.196

